4243767290,0
4294967279,79
4294967279,78
4294967279,77
4294967279,76
4294967279,74
4294967279,72
4294967279,71
4294967279,70
4294967279,69
4294967279,68
4294967279,62
4294967278,294
76,36
76,35
76,34
76,33
76,32
76,31
76,30
76,29
76,28
76,27
76,26
76,25
76,24
76,23
76,22
76,21
76,14
76,20
76,17
76,12
76,10
76,4
4294967278,174
4294967278,260
4294967279,175
4294967279,171
4294967279,60
4294967279,58
4294967279,56
4294967279,55
4294967279,54
4294967279,164
4294967279,53
4294967279,163
4294967279,51
4294967279,49
4294967279,48
4294967279,47
4294967279,45
4294967279,44
4294967279,270
4294967279,42
4294967279,269
4294967279,41
4294967279,40
4294967279,38
4294967279,37
4294967279,35
4294967279,32
4294967279,30
4294967279,29
4294967279,27
4294967279,26
4294967279,24
4294967279,23
4294967279,21
4294967279,20
4294967279,18
4294967279,15
4294967279,11
4294967279,10
4294967279,9
4294967279,8
4294967279,6
4294967279,5
4294967278,293
4294967278,292
4294967278,198
4294967294,12
4294967294,160
4294967294,36
4294967294,39
4294967294,165
4294967294,113
4294967294,175
4294967294,177
4294967294,176
4294967294,81
4294967294,68
4294967294,11
4294967294,104
4294967294,106
4294967294,166
4294967294,24
4294967294,184
4294967294,188
4294967294,185
4294967278,191
4294967278,196
4294967278,195
4294967294,881
4294967279,192
4294967278,290
4294967278,366
4294967278,190
91,5
4294967279,368
91,4
4294967278,324
91,3
91,2
91,1
4294967278,188
4294967278,288
4294967294,120
4294967278,186
4294967278,185
4294967294,537
4294967279,182
4294967278,286
4294967278,284
4294967278,180
90,4
90,3
90,2
90,1
4294967279,282
4294967279,281
4294967294,393
4294967294,638
4294967279,169
89,6
89,5
89,4
89,3
89,2
89,1
4294967278,407
4294967279,161
4294967279,275
88,4
88,3
88,2
88,1
4294967279,413
4294967279,271
4294967294,387
4294967279,150
4294967279,267
4294967279,149
87,4
87,3
87,2
87,1
4294967278,406
4294967278,346
4294967279,146
4294967279,411
4294967278,132
4294967278,131
4294967278,130
4294967278,128
4294967278,127
4294967278,126
4294967278,125
4294967278,121
4294967278,119
4294967278,118
4294967278,117
4294967278,113
4294967278,111
4294967278,110
4294967278,109
4294967278,108
4294967278,0
4294967278,106
4294967278,103
4294967278,102
4294967278,101
4294967278,99
4294967278,98
4294967278,97
4294967278,96
4294967278,95
4294967278,94
4294967278,93
4294967278,91
4294967278,90
4294967278,89
4294967278,87
4294967278,86
4294967278,85
4294967278,84
4294967278,82
4294967278,81
4294967278,80
4294967278,79
4294967278,78
4294967278,77
4294967278,76
4294967278,74
4294967278,73
4294967278,72
4294967278,71
4294967278,69
4294967278,68
4294967278,67
4294967278,65
4294967278,64
4294967278,63
4294967279,81
4294967279,80
4294967279,73
4294967279,67
4294967279,65
4294967279,64
4294967279,63
4294967279,52
4294967279,50
4294967279,46
4294967279,43
4294967279,39
4294967279,36
4294967279,34
4294967279,391
4294967279,33
4294967279,28
4294967279,25
4294967279,17
4294967279,16
4294967279,385
4294967279,7
4294967279,31
4294967294,452
4294967294,408
4294967294,456
4294967279,140
86,4
86,3
86,2
86,1
4294967279,389
4294967279,14
4294967279,399
4294967279,346
4294967279,22
4294967278,392
4294967279,262
4294967279,19
4294967279,261
85,5
85,4
4294967279,256
85,3
85,2
85,1
4294967279,13
4294967279,4
4294967294,107
4294967294,116
4294967294,168
4294967294,162
4294967294,392
4294967294,112
4294967294,161
4294967279,12
4294967279,349
4294967279,272
4294967279,0
4294967279,251
4294967294,656
4294967294,1119
4294967294,29
4294967279,396
4294967279,249
75,4
84,5
84,4
4294967279,246
84,3
84,2
84,1
4294967279,306
4294967294,41
4294967278,124
4294967294,43
4294967294,637
4294967294,51
4294967294,52
4294967294,44
4294967294,661
4294967294,531
4294967294,390
4294967278,245
4294967278,129
4294967278,308
4294967278,242
4294967278,241
4294967278,238
4294967278,240
4294967278,239
4294967278,339
4294967294,76
4294967278,123
4294967278,338
4294967294,82
4294967278,116
4294967294,84
4294967294,91
4294967294,90
4294967294,87
4294967294,85
4294967294,516
4294967294,530
4294967294,647
4294967294,398
4294967294,512
4294967294,178
4294967294,527
4294967294,1102
4294967294,515
4294967294,532
4294967294,167
4294967294,183
4294967294,520
4294967294,632
4294967294,118
4294967294,584
4294967294,109
4294967294,580
4294967278,122
4294967278,337
4294967278,120
4294967278,396
4294967278,232
4294967278,231
4294967278,229
4294967278,230
4294967278,333
4294967278,115
4294967294,660
4294967278,395
4294967278,107
4294967294,882
4294967278,114
4294967278,394
4294967278,112
4294967278,330
4294967278,224
4294967278,223
4294967278,220
4294967278,222
4294967278,221
4294967278,328
4294967294,633
4294967278,104
4294967278,217
4294967278,105
4294967278,381
4294967278,380
71,0
71,5
4294967278,215
4294967278,100
4294967278,325
4294967278,212
4294967278,211
4294967278,210
4294967278,209
4294967294,386
